start=3225.440000
volume=50.000000
fullscreen=yes
