start=3327.720000
volume=70.000000
fullscreen=yes
