start=3205.720000
volume=60.000000
