start=3466.040000
volume=45.000000
fullscreen=yes
