start=5276.880000
volume=50.000000
fullscreen=yes
