start=2833.280000
volume=75.000000
fullscreen=yes
