start=66.149417
volume=90.000000
