start=3535.520000
volume=70.000000
fullscreen=yes
