start=1338.295292
pause=yes
volume=80.000000
