start=3007.720000
volume=75.000000
fullscreen=yes
