start=4612.120000
volume=70.000000
fullscreen=yes
