start=301.370476
pause=yes
volume=80.000000
