start=4660.162827
volume=100.000000
