start=407.907500
volume=50.000000
fullscreen=yes
