start=3825.680000
volume=65.000000
fullscreen=yes
