start=2517.400000
volume=60.000000
fullscreen=yes
