start=2879.760000
volume=75.000000
fullscreen=yes
