start=3831.080000
volume=65.000000
fullscreen=yes
