start=4843.320000
volume=60.000000
fullscreen=yes
