start=68.987000
volume=100.000000
