start=2986.000000
volume=55.000000
fullscreen=yes
