start=9779.352917
volume=45.000000
fullscreen=yes
