start=2188.480000
volume=65.000000
fullscreen=yes
