start=4217.680000
volume=45.000000
fullscreen=yes
