start=2663.960000
volume=55.000000
fullscreen=yes
