start=1390.722667
volume=70.000000
fullscreen=yes
