start=49.704485
volume=35.000000
