start=208.666792
pause=yes
volume=60.000000
fullscreen=yes
sid=1
