start=431.891000
volume=70.000000
fullscreen=yes
