start=1890.520000
volume=65.000000
fullscreen=yes
