start=3498.796000
volume=80.000000
